MAP2K4 FLNC 0 0 0 0 0.0
MYPN ACTN2 0 0 0 0 0.0625
ACVR1 FNTA 0 0 0 0 0.0
GATA2 PML 0 0 0 0 0.034482758620689655
RPA2 STAT3 0 0 0 0 0.01949685534591195
ARF1 GGA3 0 0 0 0 0.03125
ARF3 ARFIP2 0 0 0 0 0.0
ARF3 ARFIP1 0 0 0 0 0.0
XRN1 ALDOA 0 0 0 0 0.029411764705882353
APP APPBP2 0 0 0 0 0.0
APLP1 DAB1 0 0 0 0 0.02857142857142857
CITED2 TFAP2A 0 0 0 0 0.05833333333333333
EP300 TFAP2A 0 0 0 0 0.025510204081632654
APOB MTTP 0 0 0 0 0.0
ARRB2 RALGDS 0 0 0 0 0.0
CSF1R GRB2 0 0 0 0 0.042270531400966184
PRRC2A GRB2 0 0 0 0 0.0625
LSM1 NARS 0 0 0 0 0.03333333333333333
SLC4A1 SLC4A1AP 0 0 0 0 0.0
BCL3 BARD1 0 0 0 0 0.05654761904761905
ADRB1 GIPC1 0 0 0 0 0.020833333333333332
BRCA1 ATF1 0 0 0 0 0.06944444444444443
BRCA1 MSH2 0 0 0 0 0.061403508771929814
BRCA1 BARD1 0 0 0 0 0.06451612903225806
BRCA1 MSH6 0 0 0 0 0.04523809523809524
ARVCF CDH15 0 0 0 0 0.11363636363636363
PCBD1 CACNA1C 0 0 0 0 0.05555555555555555
PSEN2 CAPN1 0 0 0 0 0.0
CAPN3 TTN 0 0 0 0 0.05038759689922481
ITPR1 CA8 0 0 0 0 0.0
MAGI1 CTNNB1 0 0 0 0 0.14880952380952378
RB1 CUX1 0 0 0 0 0.15079365079365079
TSG101 CDKN1A 0 0 0 0 0.013888888888888888
ORC1 MCM2 0 0 0 0 0.038461538461538464
ORC4 MCM2 0 0 0 0 0.0
MCM5 MCM2 0 0 0 0 0.041666666666666664
CDC7 MCM2 0 0 0 0 0.047619047619047616
ORC2 MCM2 0 0 0 0 0.0
RPA2 MCM2 0 0 0 0 0.0
DBF4 MCM2 0 0 0 0 0.0303030303030303
AKAP8 MCM2 0 0 0 0 0.038461538461538464
RPA1 MCM2 0 0 0 0 0.03333333333333333
RPA3 MCM2 0 0 0 0 0.0
ORC5 MCM2 0 0 0 0 0.0303030303030303
MCM3 MCM2 0 0 0 0 0.03333333333333333
YWHAZ CDC25A 0 0 0 0 0.0
DOCK8 CDC42 0 0 0 0 0.038461538461538464
TRIP10 CDC42 0 0 0 0 0.11904761904761904
CDKN3 CDK2 0 0 0 0 0.041666666666666664
RBBP8 RBL1 0 0 0 0 0.029411764705882353
HAND2 CENPB 0 0 0 0 0.0
CLTC HGS 0 0 0 0 0.008620689655172414
IGFBP3 COL1A1 0 0 0 0 0.019230769230769232
TXN COL1A1 0 0 0 0 0.046875
ATF2 SMAD3 0 0 0 0 0.08333333333333333
ATF2 SMAD4 0 0 0 0 0.1
CCND3 EIF3K 0 0 0 0 0.0
RALBP1 CCNB1 0 0 0 0 0.026666666666666665
PPIB CAMLG 0 0 0 0 0.0
CSK INSR 0 0 0 0 0.09999999999999999
CSK IGF1R 0 0 0 0 0.09999999999999999
DCN EGFR 0 0 0 0 0.020833333333333332
SIM2 ARNT 0 0 0 0 0.047619047619047616
SIM1 ARNT 0 0 0 0 0.05555555555555555
NPAS4 ARNT 0 0 0 0 0.046296296296296294
HBEGF ZBTB16 0 0 0 0 0.0
PCNA GADD45A 0 0 0 0 0.04
TOPBP1 TOP2B 0 0 0 0 0.06666666666666667
FLNA DRD3 0 0 0 0 0.0
LSM3 SNRPE 0 0 0 0 0.04901960784313725
LSM4 SNRPE 0 0 0 0 0.025
LSM5 SNRPE 0 0 0 0 0.05952380952380952
EP300 EGR1 0 0 0 0 0.036585365853658534
CREBBP EGR1 0 0 0 0 0.042682926829268296
NUMA1 EPB41 0 0 0 0 0.05
EXOSC4 EEF1A1 0 0 0 0 0.01
PLCG1 EEF1A1 0 0 0 0 0.0
KTN1 EEF1D 0 0 0 0 0.10606060606060605
KDR ANXA5 0 0 0 0 0.0
PPARGC1B ESR1 0 0 0 0 0.07777777777777777
SMARCA4 ESR1 0 0 0 0 0.026515151515151512
DDX54 ESR1 0 0 0 0 0.019230769230769232
ESR1 DNTTIP2 0 0 0 0 0.0
FGFR1 FDPS 0 0 0 0 0.0
TGFB1 FNTA 0 0 0 0 0.04411764705882353
SUMO1 FAS 0 0 0 0 0.014705882352941176
MPP6 FTL 0 0 0 0 0.1
PRRC2A FGA 0 0 0 0 0.0
FLNA ITGB1 0 0 0 0 0.016666666666666666
FGFR1 FRS3 0 0 0 0 0.09259259259259259
GABRG2 GABARAP 0 0 0 0 0.014705882352941176
SFN NR3C1 0 0 0 0 0.017543859649122806
TGFB1I1 NR3C1 0 0 0 0 0.0784313725490196
NR3C1 ECD 0 0 0 0 0.07575757575757575
GCK PFKFB2 0 0 0 0 0.045454545454545456
HSPA5 DPH1 0 0 0 0 0.0
SLC2A2 KPNA2 0 0 0 0 0.0
SLC2A4 DAXX 0 0 0 0 0.02631578947368421
GRIK2 SDCBP 0 0 0 0 0.0
GRIK2 PICK1 0 0 0 0 0.020833333333333332
GRIK1 PICK1 0 0 0 0 0.03333333333333333
GRIK1 SDCBP 0 0 0 0 0.0
CCNT1 GRN 0 0 0 0 0.0
RGS19 GNAZ 0 0 0 0 0.1111111111111111
RGS19 GNAO1 0 0 0 0 0.13888888888888887
RGS19 GNAI2 0 0 0 0 0.13888888888888887
RGS19 GNAI3 0 0 0 0 0.13888888888888887
HSF2 UBE2I 0 0 0 0 0.03125
LIMK1 NRG1 0 0 0 0 0.0873015873015873
FGF7 HSPG2 0 0 0 0 0.02
PRRC2A MAD2L2 0 0 0 0 0.025
PRRC2A P4HA2 0 0 0 0 0.0
PRRC2A CCR10 0 0 0 0 0.041666666666666664
C1QBP PRRC2A 0 0 0 0 0.0
EIF3E PRRC2A 0 0 0 0 0.0
PRRC2A GANAB 0 0 0 0 0.0
HNRNPA1 PRRC2A 0 0 0 0 0.0
PRRC2A PSMA3 0 0 0 0 0.03125
HNRNPM PRRC2A 0 0 0 0 0.0
PRRC2A MAN2C1 0 0 0 0 0.0
PRRC2A SSR3 0 0 0 0 0.0
PRRC2A DDX20 0 0 0 0 0.03125
UBAP2L PRRC2A 0 0 0 0 0.0
IMMT PRRC2A 0 0 0 0 0.0
PRRC2A CPSF1 0 0 0 0 0.10416666666666666
PRRC2A PRMT2 0 0 0 0 0.041666666666666664
PRRC2A QARS 0 0 0 0 0.03125
IFT88 PRRC2A 0 0 0 0 0.0
XRN1 BAG6 0 0 0 0 0.029411764705882353
HTT SETD2 0 0 0 0 0.0
HAP1 HTT 0 0 0 0 0.015151515151515152
HTT ZDHHC17 0 0 0 0 0.0
HYPK HTT 0 0 0 0 0.08333333333333333
TRIP10 HTT 0 0 0 0 0.03571428571428571
MEF2D YWHAQ 0 0 0 0 0.0
TCF3 HAND2 0 0 0 0 0.10057471264367815
TCF3 ID3 0 0 0 0 0.029411764705882353
IGF1R IRS1 0 0 0 0 0.04954954954954955
YWHAE IGF1R 0 0 0 0 0.018518518518518517
SOCS1 IGF1R 0 0 0 0 0.03623188405797101
PTK2 IRS1 0 0 0 0 0.024390243902439025
MAPK8 IRS1 0 0 0 0 0.048780487804878044
INSR IRS1 0 0 0 0 0.044715447154471545
IL1A NDN 0 0 0 0 0.0
JAK2 PRMT5 0 0 0 0 0.0
JAK2 SOCS1 0 0 0 0 0.05797101449275362
BYSL KRT8 0 0 0 0 0.0
KRT18 CBL 0 0 0 0 0.017543859649122806
KRT18 DNAJB6 0 0 0 0 0.08823529411764706
LMNA LMNB1 0 0 0 0 0.0
LMNA SREBF1 0 0 0 0 0.0
LMNA NARF 0 0 0 0 0.07142857142857142
MLLT4 BCR 0 0 0 0 0.0
BNIPL BCL2 0 0 0 0 0.1212121212121212
BNIP2 BCL2 0 0 0 0 0.11538461538461539
SMN1 BCL2 0 0 0 0 0.046296296296296294
TP53BP2 BCL2 0 0 0 0 0.09583333333333333
RTN4 BCL2 0 0 0 0 0.05
BCL2 BECN1 0 0 0 0 0.0
NFKB1 LYL1 0 0 0 0 0.08333333333333333
SKAP1 PTPRC 0 0 0 0 0.04022988505747126
ALOX5 COTL1 0 0 0 0 0.0
VAV1 XRCC6 0 0 0 0 0.023809523809523808
NCF4 XRCC6 0 0 0 0 0.05555555555555555
XRCC5 XRCC6 0 0 0 0 0.06964285714285715
MRE11A XRCC6 0 0 0 0 0.0
CBX5 XRCC6 0 0 0 0 0.026785714285714284
PIAS4 LEF1 0 0 0 0 0.03333333333333333
MITF LEF1 0 0 0 0 0.0875
DHDDS LOX 0 0 0 0 0.0
YBX1 SRSF9 0 0 0 0 0.0
ATRNL1 MC4R 0 0 0 0 0.0
ATF7IP MBD1 0 0 0 0 0.045454545454545456
CHAF1A MBD1 0 0 0 0 0.0
MITF PIAS3 0 0 0 0 0.0
MITF PATZ1 0 0 0 0 0.047619047619047616
MITF UBE2I 0 0 0 0 0.05
ANP32A MAP1B 0 0 0 0 0.027777777777777776
MCM7 ORC1 0 0 0 0 0.0641025641025641
MCM7 RB1 0 0 0 0 0.09523809523809523
MCM7 DBF4 0 0 0 0 0.025
MCM7 CDC7 0 0 0 0 0.014285714285714287
MCM7 ORC3 0 0 0 0 0.0303030303030303
MCM7 RPA1 0 0 0 0 0.07142857142857142
MCM7 FHL2 0 0 0 0 0.03571428571428571
MCM7 ORC2 0 0 0 0 0.0303030303030303
MCM7 ORC5 0 0 0 0 0.03333333333333333
NOV POLR2L 0 0 0 0 0.0
KMT2A PPIE 0 0 0 0 0.0
KMT2A PPP1R15A 0 0 0 0 0.0
MLLT4 RAP1GAP 0 0 0 0 0.0
MLLT4 PVRL1 0 0 0 0 0.0
MLLT4 PFN1 0 0 0 0 0.0
NEB MYPN 0 0 0 0 0.03571428571428571
NGFR PRKACB 0 0 0 0 0.0
LSM7 NPY1R 0 0 0 0 0.0
SNCAIP SNCA 0 0 0 0 0.0625
EPB41L1 NUMA1 0 0 0 0 0.1
MAP3K8 NFKB1 0 0 0 0 0.038461538461538464
RELA FOS 0 0 0 0 0.08735632183908046
