MAP2K4 FLNC 0.012141280353200883 0.032520325203252036 0.08928571428571429 0.02233080277822646 0.0 0
MYPN ACTN2 0.012108055957549445 0.1673469387755102 0.21785714285714286 0.08972749736652982 0.11619718309859155 0
ACVR1 FNTA 0.003121098626716604 0.20557491289198607 0.2357142857142857 0.10434800575935134 0.0 0
GATA2 PML 0.002214629207795495 0.1654320987654321 0.26785714285714285 0.0838233639866138 0.14954954954954955 0
RPA2 STAT3 0.0013982521847690388 0.1032258064516129 0.4607142857142857 0.05231202931819097 0.12594810379241517 0
ARF1 GGA3 0.00779889152810768 0.19791666666666666 0.15357142857142858 0.10285777909738716 0.0 0
ARF3 ARFIP2 0.008733624454148471 0.37254901960784315 0.11071428571428571 0.19064132203099582 0.1830065359477124 1
ARF3 ARFIP1 0.010309278350515464 0.2441860465116279 0.07142857142857142 0.1272476624310717 0.0 0
XRN1 ALDOA 0.006932409012131715 0.11355311355311355 0.18571428571428572 0.06024276128262263 0.10700808625336927 0
APP APPBP2 0.001145475372279496 0.020833333333333332 0.41785714285714287 0.010989404352806414 0.0 0
APLP1 DAB1 0.023323615160349854 0.13953488372093023 0.05714285714285714 0.08142924944064005 0.0 0
CITED2 TFAP2A 0.007990314769975786 0.31272727272727274 0.325 0.16035879374862427 0.16666666666666666 1
EP300 TFAP2A 0.0037549741766150203 0.18973214285714285 0.4642857142857143 0.09674355851687894 0.0 1
APOB MTTP 0.004715270221254987 0.2867132867132867 0.24642857142857144 0.14571427846727086 0.0 1
ARRB2 RALGDS 0.004484304932735426 0.04743083003952569 0.15357142857142858 0.025957567486130557 0.0 0
CSF1R GRB2 0.005256274835269856 0.211864406779661 0.3357142857142857 0.10856034080746543 0.12429378531073447 1
PRRC2A GRB2 0.015182987141444114 0.02262443438914027 0.19642857142857142 0.01890371076529219 0.16666666666666666 0
LSM1 NARS 0.0028169014084507044 0.21951219512195122 0.06785714285714285 0.11116454826520096 0.0975609756097561 0
SLC4A1 SLC4A1AP 0.009009009009009009 0.04081632653061224 0.09642857142857143 0.024912667769810624 0.0 0
BCL3 BARD1 0.006659267480577136 0.3288888888888889 0.21428571428571427 0.16777407818473303 0.12389380530973451 0
ADRB1 GIPC1 0.006162915326902466 0.14358974358974358 0.17857142857142858 0.07487632945832302 0.09722222222222221 0
BRCA1 ATF1 0.006737147595356551 0.14102564102564102 0.3 0.07388139431049878 0.0 0
BRCA1 MSH2 0.004360967184801382 0.18446601941747573 0.39285714285714285 0.09441349330113856 0.0 1
BRCA1 BARD1 0.006770120188650541 0.2443820224719101 0.3678571428571429 0.12557607133028031 0.0 1
BRCA1 MSH6 0.003356155188615921 0.21890547263681592 0.3821428571428571 0.11113081391271593 0.0 1
ARVCF CDH15 0.041074249605055284 0.39473684210526316 0.11071428571428571 0.21790554585515923 0.21875 0
PCBD1 CACNA1C 0.005737704918032787 0.0228310502283105 0.16428571428571428 0.014284377573171643 0.05357142857142857 0
PSEN2 CAPN1 0.004478566858605247 0.21311475409836064 0.16428571428571428 0.10879666047848295 0.11540880503144653 0
CAPN3 TTN 0.006997556304075025 0.21341463414634146 0.33214285714285713 0.11020609522520824 0.027439024390243903 0
ITPR1 CA8 0.034482758620689655 0.013986013986013986 0.10357142857142858 0.02423438630335182 0.0 0
MAGI1 CTNNB1 0.009589552238805964 0.05234159779614325 0.4142857142857143 0.030965575017474607 0.40151515151515155 0
RB1 CUX1 0.005334805003679176 0.22259136212624583 0.25357142857142856 0.1139630835649625 0.0 0
TSG101 CDKN1A 0.002430133657351154 0.16477272727272727 0.29285714285714287 0.0836014304650392 0.12179487179487179 0
ORC1 MCM2 0.0230566534914361 0.3804347826086957 0.11428571428571428 0.2017457180500659 0.010869565217391304 0
ORC4 MCM2 0.02199661590524535 0.660377358490566 0.1 0.3411869871979057 0.27469135802469136 1
MCM5 MCM2 0.029498525073746312 0.6382978723404256 0.07857142857142857 0.3338981987070859 0.2569444444444444 1
CDC7 MCM2 0.01373283395755306 0.23809523809523808 0.11785714285714285 0.12591403602639556 0.0 0
ORC2 MCM2 0.02053712480252765 0.4069767441860465 0.10357142857142858 0.2137569344942871 0.046511627906976744 0
RPA2 MCM2 0.004572473708276178 0.19662921348314608 0.2357142857142857 0.10060084359571113 0.0 0
DBF4 MCM2 0.021505376344086023 0.3614457831325301 0.08928571428571429 0.19147557973830806 0.05952380952380952 0
AKAP8 MCM2 0.00819672131147541 0.10989010989010989 0.09642857142857143 0.05904341560079265 0.010869565217391304 0
RPA1 MCM2 0.006666666666666667 0.28688524590163933 0.19642857142857142 0.146775956284153 0.0 0
RPA3 MCM2 0.009132420091324202 0.33980582524271846 0.14285714285714285 0.17446912266702133 0.0 0
ORC5 MCM2 0.02659380692167578 0.660377358490566 0.09642857142857143 0.3434855827061209 0.27469135802469136 0
MCM3 MCM2 0.021505376344086023 0.6382978723404256 0.08928571428571429 0.3299016243422558 0.2569444444444444 1
YWHAZ CDC25A 0.004901960784313725 0.09595959595959595 0.17142857142857143 0.05043077837195484 0.0 0
DOCK8 CDC42 0.004016064257028112 0.13622291021671826 0.3142857142857143 0.07011948723687318 0.13477366255144033 0
TRIP10 CDC42 0.010255669507438973 0.07534246575342465 0.31785714285714284 0.042799067630431814 0.3392857142857143 0
CDKN3 CDK2 0.007352941176470588 0.11917098445595854 0.17142857142857143 0.06326196281621456 0.19021739130434784 1
RBBP8 RBL1 0.005714285714285715 0.2748091603053435 0.14285714285714285 0.14026172300981463 0.1590909090909091 0
HAND2 CENPB 0.0 0.04568527918781726 0.1357142857142857 0.02284263959390863 0.0 0
CLTC HGS 0.002720830169577322 0.21645021645021645 0.26785714285714285 0.10958552330989689 0.05172413793103448 0
IGFBP3 COL1A1 0.0023398128149748018 0.15228426395939088 0.22142857142857142 0.07731203838718284 0.13043478260869565 0
TXN COL1A1 0.00434652278177458 0.16753926701570682 0.18571428571428572 0.0859428948987407 0.13825757575757575 0
ATF2 SMAD3 0.010262381617761218 0.2388888888888889 0.3678571428571429 0.12457563525332506 0.18835784313725487 0
ATF2 SMAD4 0.00807090512972866 0.19086021505376344 0.3107142857142857 0.09946556009174605 0.16115196078431374 0
CCND3 EIF3K 0.010309278350515464 0.041237113402061855 0.07857142857142857 0.02577319587628866 0.0 0
RALBP1 CCNB1 0.003178178178178178 0.0888030888030888 0.19285714285714287 0.045990633490633495 0.1317351598173516 1
PPIB CAMLG 0.008620689655172414 0.0759493670886076 0.1 0.04228502837189001 0.0 0
CSK INSR 0.008185771978875425 0.13636363636363635 0.29642857142857143 0.0722747041712559 0.13166666666666665 0
CSK IGF1R 0.012075983717774763 0.1937984496124031 0.22142857142857142 0.10293721666508894 0.15283333333333332 0
DCN EGFR 0.0022177419354838714 0.20297029702970298 0.42857142857142855 0.10259401948259343 0.1471972789115646 0
SIM2 ARNT 0.019427402862985686 0.12429378531073447 0.11785714285714285 0.07186059408686007 0.4275362318840579 0
SIM1 ARNT 0.030637254901960786 0.14124293785310735 0.11428571428571428 0.08594009637753407 0.41025641025641024 0
NPAS4 ARNT 0.011231884057971013 0.24434389140271492 0.15714285714285714 0.12778788773034297 0.1372053872053872 0
HBEGF ZBTB16 0.0 0.14215686274509803 0.20357142857142857 0.07107843137254902 0.08741830065359477 0
PCNA GADD45A 0.0039028620988725065 0.3787878787878788 0.2571428571428571 0.19134537044337566 0.09848484848484848 1
TOPBP1 TOP2B 0.014097496706192357 0.330188679245283 0.11428571428571428 0.17214308797573769 0.1248427672955975 0
FLNA DRD3 0.0008329862557267805 0.13544018058690746 0.35714285714285715 0.06813658342131712 0.04279279279279279 1
LSM3 SNRPE 0.00962278675904542 0.38461538461538464 0.15357142857142858 0.19711908568721503 0.17391304347826086 1
LSM4 SNRPE 0.009046692607003892 0.37894736842105264 0.16428571428571428 0.19399703051402828 0.14583333333333334 1
LSM5 SNRPE 0.011837121212121214 0.29069767441860467 0.14285714285714285 0.15126739781536294 0.21124031007751934 1
EP300 EGR1 0.003581225236208473 0.1988071570576541 0.4357142857142857 0.10119419114693128 0.003968253968253968 0
CREBBP EGR1 0.0040758461811093395 0.27320954907161804 0.3107142857142857 0.1386426976263637 0.1693121693121693 0
NUMA1 EPB41 0.0055768005098789045 0.17073170731707318 0.2642857142857143 0.08815425391347605 0.0 1
EXOSC4 EEF1A1 0.0017123287671232876 0.16666666666666666 0.19285714285714287 0.08418949771689498 0.07291666666666667 0
PLCG1 EEF1A1 0.0035364526659412403 0.10932475884244373 0.21785714285714286 0.05643060575419249 0.0 0
KTN1 EEF1D 0.025956284153005462 0.296875 0.07857142857142857 0.16141564207650272 0.2753623188405797 0
KDR ANXA5 0.0012133818686080775 0.10904255319148937 0.33214285714285713 0.05512796753004872 0.0 0
PPARGC1B ESR1 0.011637426900584797 0.3023255813953488 0.26785714285714285 0.1569815041479668 0.23705882352941174 0
SMARCA4 ESR1 0.006046747967479675 0.3353846153846154 0.37142857142857144 0.17071568167604753 0.19146947122407243 0
DDX54 ESR1 0.003956343792633015 0.21804511278195488 0.26071428571428573 0.11100072828729395 0.2100456621004566 0
ESR1 DNTTIP2 0.0 0.01984126984126984 0.22857142857142856 0.00992063492063492 0.0 0
FGFR1 FDPS 0.0 0.064 0.18928571428571428 0.032 0.0 0
TGFB1 FNTA 0.0014002585092632487 0.09036144578313253 0.575 0.04588085214619789 0.0 0
SUMO1 FAS 0.0019499885294792382 0.15073529411764705 0.275 0.07634264132356315 0.0 0
MPP6 FTL 0.021739130434782608 0.06349206349206349 0.075 0.04261559696342305 0.18333333333333332 0
PRRC2A FGA 0.0033112582781456954 0.008733624454148471 0.17857142857142858 0.006022441366147083 0.08333333333333333 0
FLNA ITGB1 0.00130438441471009 0.23615160349854228 0.45 0.11872799395662618 0.0 0
FGFR1 FRS3 0.019216241737488197 0.25120772946859904 0.18571428571428572 0.13521198560304362 0.0 0
GABRG2 GABARAP 0.008008658008658008 0.13970588235294118 0.14285714285714285 0.0738572701807996 0.07352941176470588 0
SFN NR3C1 0.0053912507701786815 0.07716049382716049 0.17142857142857143 0.04127587229866959 0.0 0
TGFB1I1 NR3C1 0.008142758142758142 0.40375586854460094 0.16428571428571428 0.20594931334367955 0.19158878504672897 0
NR3C1 ECD 0.013842746400885933 0.41317365269461076 0.14285714285714285 0.21350819954774836 0.02976190476190476 0
GCK PFKFB2 0.013033175355450236 0.48484848484848486 0.11071428571428571 0.24894083010196755 0.07718120805369127 0
HSPA5 DPH1 0.0036900369003690036 0.12735849056603774 0.21071428571428572 0.06552426373320337 0.0 0
SLC2A2 KPNA2 0.0 0.10714285714285714 0.09285714285714286 0.05357142857142857 0.125 0
SLC2A4 DAXX 0.00687529634898056 0.07874015748031496 0.20357142857142857 0.04280772691464776 0.170440251572327 0
GRIK2 SDCBP 0.00141643059490085 0.08494208494208494 0.22142857142857142 0.04317925776849289 0.10714285714285712 0
GRIK2 PICK1 0.0005159958720330237 0.08482142857142858 0.20714285714285716 0.0426687122217308 0.12433862433862433 0
GRIK1 PICK1 0.001046734483266991 0.09545454545454546 0.20714285714285716 0.048250639968906224 0.157103825136612 0
GRIK1 SDCBP 0.00141643059490085 0.06896551724137931 0.22142857142857142 0.03519097391814008 0.08333333333333333 0
CCNT1 GRN 0.004355400696864111 0.07291666666666667 0.125 0.038636033681765394 0.0 0
RGS19 GNAZ 0.04371584699453552 0.27906976744186046 0.060714285714285714 0.161392807218198 0.125 0
RGS19 GNAO1 0.025117370892018778 0.20689655172413793 0.06785714285714285 0.11600696130807836 0.28401360544217685 0
RGS19 GNAI2 0.02862595419847328 0.19047619047619047 0.11071428571428571 0.10955107233733187 0.3511904761904762 0
RGS19 GNAI3 0.026081424936386766 0.12 0.11071428571428571 0.07304071246819338 0.3178571428571429 0
HSF2 UBE2I 0.007707129094412332 0.2392638036809816 0.1357142857142857 0.12348546638769697 0.13414634146341464 0
LIMK1 NRG1 0.00682095006090134 0.23076923076923078 0.21785714285714286 0.11879509041506606 0.16549145299145296 0
FGF7 HSPG2 0.002600297176820208 0.1642512077294686 0.18571428571428572 0.0834257524531444 0.0 1
PRRC2A MAD2L2 0.006222222222222222 0.007352941176470588 0.1392857142857143 0.006787581699346405 0.125 0
PRRC2A P4HA2 0.0 0.02857142857142857 0.05357142857142857 0.014285714285714285 0.08333333333333333 0
PRRC2A CCR10 0.014011799410029498 0.03389830508474576 0.08214285714285714 0.02395505224738763 0.16666666666666666 1
C1QBP PRRC2A 0.0038461538461538464 0.022123893805309734 0.15714285714285714 0.01298502382573179 0.0 0
EIF3E PRRC2A 0.013513513513513514 0.044642857142857144 0.1 0.02907818532818533 0.0 0
PRRC2A GANAB 0.03125 0.19230769230769232 0.05714285714285714 0.11177884615384616 0.08333333333333333 0
HNRNPA1 PRRC2A 0.00980392156862745 0.03125 0.12857142857142856 0.020526960784313725 0.0 0
PRRC2A PSMA3 0.00984251968503937 0.03508771929824561 0.08928571428571429 0.02246511949164249 0.16666666666666666 0
HNRNPM PRRC2A 0.013513513513513514 0.06944444444444445 0.1 0.04147897897897898 0.0 0
PRRC2A MAN2C1 0.0 0.05 0.039285714285714285 0.025 0.08333333333333333 0
PRRC2A SSR3 0.0 0.0 0.025 0.0 0.0 0
PRRC2A DDX20 0.010416666666666666 0.018691588785046728 0.08571428571428572 0.014554127725856698 0.16666666666666666 0
UBAP2L PRRC2A 0.03508771929824561 0.22727272727272727 0.05357142857142857 0.13118022328548645 0.0 0
IMMT PRRC2A 0.04 0.3333333333333333 0.05 0.18666666666666665 0.0 0
PRRC2A CPSF1 0.021568627450980392 0.056818181818181816 0.06785714285714285 0.039193404634581104 0.2738095238095238 0
PRRC2A PRMT2 0.0117737003058104 0.013513513513513514 0.1357142857142857 0.012643606909661957 0.16666666666666666 0
PRRC2A QARS 0.011061946902654867 0.013157894736842105 0.08214285714285714 0.012109920819748486 0.16666666666666666 0
IFT88 PRRC2A 0.007462686567164179 0.022222222222222223 0.09285714285714286 0.014842454394693201 0.0 1
XRN1 BAG6 0.004420176807072283 0.11538461538461539 0.2 0.059902396095843836 0.135062893081761 0
HTT SETD2 0.0011617100371747212 0.09939759036144578 0.24285714285714285 0.05027965019931025 0.0 0
HAP1 HTT 0.0057492132655531355 0.43214285714285716 0.26785714285714285 0.21894603520420514 0.21785714285714286 1
HTT ZDHHC17 0.004464285714285714 0.09236947791164658 0.2 0.04841688181296615 0.0 1
HYPK HTT 0.013530927835051547 0.07960199004975124 0.18571428571428572 0.0465664589424014 0.3990196078431372 0
TRIP10 HTT 0.010565476190476191 0.08571428571428572 0.2 0.048139880952380955 0.2839285714285714 0
MEF2D YWHAQ 0.01020408163265306 0.20833333333333334 0.1 0.10926870748299321 0.16666666666666669 0
TCF3 HAND2 0.01193673530289466 0.3650190114068441 0.2392857142857143 0.1884778733548694 0.22222222222222218 0
TCF3 ID3 0.011554015020219525 0.3563218390804598 0.18571428571428572 0.18393792705033965 0.0 0
IGF1R IRS1 0.009098316132536664 0.33653846153846156 0.30714285714285716 0.1728183888354991 0.16987179487179488 0
YWHAE IGF1R 0.002598016060462919 0.23821989528795812 0.32857142857142857 0.12040895567421052 0.04712041884816754 0
SOCS1 IGF1R 0.004689042448173741 0.2098360655737705 0.24285714285714285 0.10726255401097212 0.1660130718954248 0
PTK2 IRS1 0.004609190615021519 0.3295774647887324 0.35714285714285715 0.16709332770187696 0.08707865168539326 0
MAPK8 IRS1 0.004218721709216005 0.2347560975609756 0.30714285714285716 0.1194874096350958 0.13719512195121952 0
INSR IRS1 0.005837374114136516 0.35733333333333334 0.3821428571428571 0.18158535372373494 0.05585106382978723 1
IL1A NDN 0.011235955056179775 0.12318840579710146 0.09285714285714286 0.06721218042664062 0.0 0
JAK2 PRMT5 0.00121238054485808 0.14560439560439561 0.375 0.07340838807462685 0.0 0
JAK2 SOCS1 0.004355942750466708 0.1827956989247312 0.3392857142857143 0.09357582083759895 0.0 0
BYSL KRT8 0.010638297872340425 0.08928571428571429 0.08571428571428572 0.04996200607902736 0.0 0
KRT18 CBL 0.005963029218843172 0.08294930875576037 0.175 0.04445616898730177 0.06807511737089203 0
KRT18 DNAJB6 0.011400651465798045 0.17391304347826086 0.125 0.09265684747202946 0.0603448275862069 0
LMNA LMNB1 0.007751937984496124 0.1797752808988764 0.08571428571428572 0.09376360944168627 0.0 1
LMNA SREBF1 0.0024937655860349127 0.0847457627118644 0.14642857142857144 0.04361976414894966 0.07630522088353413 0
LMNA NARF 0.005154639175257732 0.023809523809523808 0.07857142857142857 0.01448208149239077 0.0 0
MLLT4 BCR 0.0 0.0 0.04285714285714286 0.0 0.0 0
BNIPL BCL2 0.01162176439513999 0.06296296296296296 0.26071428571428573 0.03729236367905148 0.27419354838709675 1
BNIP2 BCL2 0.012043152796125058 0.07801418439716312 0.26785714285714285 0.04502866859664409 0.22916666666666666 0
SMN1 BCL2 0.004197761194029851 0.05704697986577181 0.2857142857142857 0.03062237052990083 0.11723163841807908 0
TP53BP2 BCL2 0.008542014468558708 0.2819548872180451 0.29285714285714287 0.14524845084330193 0.2 0
RTN4 BCL2 0.005142231947483589 0.13114754098360656 0.32857142857142857 0.06814488646554508 0.12257383966244725 0
BCL2 BECN1 0.0016025641025641027 0.17404129793510326 0.34285714285714286 0.08782193101883368 0.0 0
NFKB1 LYL1 0.0091324200913242 0.1609907120743034 0.22857142857142856 0.0850615660828138 0.0 0
SKAP1 PTPRC 0.003272140064592895 0.14553990610328638 0.35 0.07440602308393963 0.17227272727272727 0
ALOX5 COTL1 0.015653775322283608 0.3411764705882353 0.10357142857142858 0.17841512295525946 0.0 1
VAV1 XRCC6 0.00243605359317905 0.12595419847328243 0.21785714285714286 0.06419512603323074 0.12020648967551623 0
NCF4 XRCC6 0.004057971014492754 0.06532663316582915 0.19642857142857142 0.03469230209016095 0.2 0
XRCC5 XRCC6 0.011845431563741423 0.7557603686635944 0.30714285714285716 0.3838029001136679 0.32675840978593274 1
MRE11A XRCC6 0.0 0.0 0.14642857142857144 0.0 0.0 1
CBX5 XRCC6 0.004016245487364621 0.21782178217821782 0.24285714285714285 0.11091901383279122 0.19921875 1
PIAS4 LEF1 0.004061502756019728 0.15732758620689655 0.34285714285714286 0.08069454448145814 0.22575853350189634 0
MITF LEF1 0.010808210391276458 0.19675925925925927 0.3607142857142857 0.10378373482526787 0.1503584229390681 0
DHDDS LOX 0.015625 0.23376623376623376 0.05714285714285714 0.12469561688311688 0.0 0
YBX1 SRSF9 0.009009009009009009 0.3179190751445087 0.16428571428571428 0.16346404207675885 0.08045977011494253 0
ATRNL1 MC4R 0.0 0.0 0.03571428571428571 0.0 0.0 0
ATF7IP MBD1 0.018046709129511677 0.4015151515151515 0.08928571428571429 0.20978093032233158 0.20454545454545456 1
CHAF1A MBD1 0.006369426751592357 0.08256880733944955 0.08928571428571429 0.04446911704552095 0.125 0
MITF PIAS3 0.013071895424836602 0.1875 0.09642857142857143 0.1002859477124183 0.0 0
MITF PATZ1 0.026811594202898553 0.44086021505376344 0.08928571428571429 0.23383590462833098 0.0 0
MITF UBE2I 0.011301369863013699 0.32432432432432434 0.15 0.16781284709366903 0.18243243243243243 0
ANP32A MAP1B 0.006944444444444444 0.0967741935483871 0.12857142857142856 0.05185931899641577 0.0841880341880342 0
MCM7 ORC1 0.016312056737588652 0.40229885057471265 0.11071428571428571 0.20930545365615066 0.15277777777777776 0
MCM7 RB1 0.008432671081677705 0.06968641114982578 0.25357142857142856 0.039059541115751745 0.21825396825396823 0
MCM7 DBF4 0.022569444444444444 0.4794520547945205 0.08571428571428572 0.2510107496194825 0.1608108108108108 0
MCM7 CDC7 0.012903225806451613 0.3482142857142857 0.11428571428571428 0.18055875576036864 0.19365079365079363 0
MCM7 ORC3 0.020784313725490198 0.46875 0.09285714285714286 0.2447671568627451 0.25811011904761905 1
MCM7 RPA1 0.0181960049937578 0.3217391304347826 0.19285714285714287 0.16996756771427018 0.2903061224489796 0
MCM7 FHL2 0.01036682615629984 0.07971014492753623 0.10357142857142858 0.045038485541918034 0.12698412698412698 0
MCM7 ORC2 0.017006802721088437 0.43209876543209874 0.1 0.2245527840765936 0.11260162601626017 0
MCM7 ORC5 0.0196078431372549 0.5660377358490566 0.09285714285714286 0.29282278949315577 0.24999999999999997 0
NOV POLR2L 0.0013157894736842105 0.05426356589147287 0.2 0.027789677682578538 0.0 0
KMT2A PPIE 0.0018610421836228288 0.19615384615384615 0.20714285714285716 0.09900744416873448 0.0 0
KMT2A PPP1R15A 0.0015327695560253699 0.20333333333333334 0.22142857142857142 0.10243305144467936 0.023333333333333334 0
MLLT4 RAP1GAP 0.0 0.0 0.04285714285714286 0.0 0.0 0
MLLT4 PVRL1 0.0 0.0 0.0 0.0 0.0 0
MLLT4 PFN1 0.0 0.0 0.09642857142857143 0.0 0.0 0
NEB MYPN 0.01292517006802721 0.34615384615384615 0.1 0.1795395081109367 0.18269230769230768 0
NGFR PRKACB 0.002688172043010753 0.18208955223880596 0.21428571428571427 0.09238886214090836 0.0 0
LSM7 NPY1R 0.007352941176470588 0.07228915662650602 0.08571428571428572 0.039821048901488305 0.0 0
SNCAIP SNCA 0.004927644710578842 0.08823529411764706 0.37142857142857144 0.04658146941411295 0.40079365079365087 0
EPB41L1 NUMA1 0.015007541478129716 0.05194805194805195 0.21071428571428572 0.033477796713090834 0.34848484848484845 0
MAP3K8 NFKB1 0.00902668759811617 0.18604651162790697 0.23214285714285715 0.09753659961301157 0.20747663551401868 1
RELA FOS 0.009555555555555553 0.36551724137931035 0.3964285714285714 0.18753639846743295 0.0 0
